5500
2500
3000
2100
2800
3100
2000
3100
2500
2700
2800
3100
3200
3500
4100
20000
4000
25000
3700
2800
26000
22000
2200
2900
4100
23000
28000
32000
4500
225000
34000
5500
6600
29000
31000
250000
37000
32000
7000
8000
60000
235000
75000
9000
10000
33000
36000
325000
200000
11300
65000
185000
15000
300000
80000
62000
130000
95000
13200
265000
85000
30000
90000
100000
37000
280000
100000
166000
14500
100000
100000
290000
45000
45000
195000
450000
100000
430000
45000
45000
210000
440000
100000
470000
45000
45000
120000
460000
100000
480000
45000
45000
160000
420000
100000
500000