5500
2500
3000
2100
2800
3100
2000
3100
2500
2700
2800
3100
3200
3500
4100
7000
4000
7200
3700
2800
7400
8100
2200
2900
4100
7700
8400
9000
4500
50000
9500
5500
6000
9800
11000
70000
12500
9800
6000
6000
15000
60000
18000
6000
6000
10000
13100
65000
50000
6000
19000
50000
6000
100000
17500
19800
50000
22000
6000
90000
16000
12000
17800
25000
12600
80000
25000
50000
6000
25000
25000
60000
15000
15000
50000
205000
25000
195000
15000
15000
50000
200000
25000
220000
15000
15000
50000
210000
25000
240000
15000
15000
50000
190000
25000
250000